2
-88
53
92
21
86
82
45
38
-56
62
12
53
-86
65
35
99
42
-34
-91
53
53
30
84
-73
-62
-33
-5
81
25
57
-83
-44
42
67
29
-54
72
-56
-60
-25
-85
-42
28
-42
10
16
83
67
24
62
45
18
-24
-31
71
-44
-6
35
-77
-44
7
11
19
-46
-100
73
-61
40
57
-48
23
95
100
55
76
52
23
97
-66
53
61
1
31
5
-26
-73
-79
54
-20
-45
-66
100
82
-34
13
-100
-34
93
17
-22
-48
49
55
-46
47
-53
-75
16
-2
31
53
-12
-81
23
41
-30
-46
-82
100
30
74
28
-88
-5
-79
-41
-3
72
22
-68
-94
-4
3
-23
-24
17
-56
75
74
31
-39
7
-27
9
8
13
16
25
43
96
75
-4
36
-78
-77
-65
38
58
97
-74
-19
15
-88
6
38
74
17
1
0
-15
-13
-7
-44
15
82
47
48
84
-53
-4
-54
20
40
-36
3
62
-15
16
-46
-88
-97
-6
85
-79
-55
-90
49
65
-37
18
-92
49
-4
42
-97
22
11
56
-8
68
-100
-91
21
-88
63
27
98
-16
56
-29
-70
-100
-32
-51
88
56
17
-38
86
-3
81
-62
-82
48
20
50
66
70
-21
51
-8
59
-63
-97
-27
-55
1
81
6
10
25
96
29
57
35
42
10
-90
-8
-68
55
33
-23
-99
73
24
-71
-34
73
-30
57
54
-36
-56
-91
35
48
-65
94
-1
51
-28
-92
39
-40
-88
-96
-89
-40
-53
40
64
40
25
-9
-7
30
55
-55
9
-39
-30
99
-51
76
-70
72
-42
41
-15
63
48
-6
52
78
12
-93
-42
25
-62
54
